8 79792266862562500
74 970114011404308281
31 221098641256280529
45 2125329185401072641
24 4029003224446044100
41 1244202302169443556
93 5512029433899849
88 1293957447106430016
28 273298096792900
41 20604481746867769
4 2175132879332248900
10 3992392252807676964
61 1280452778673632356
100 1972003101988317841
17 2267419593919352896
98 2679139862528461929
13 10389575675015824
11 496852478913437956
80 2638607622954722500
80 615532545178027684
68 4452145040173912929
94 2617339407171119569
86 24364633169328516
29 3609597560816504464
95 878318269621304164
2 1052514214224691716
9 348522503224623025
69 127857371175963081
25 3716035760318626809
31 16915838749297216
23 1173874015444080889
50 469386708179900625
2 1125311181493377316
78 37965512794013281
29 25082619719504356
99 680524324023196324
36 3851045213411424196
66 994786443065734225
64 11567978429284369
26 2735721524362788900
16 72479459551809025
30 2185804059276036004
18 1827726070314166416
6 2426773257926264025
52 3641205482736101401
89 432728631180623376
6 1214948191083215689
53 3300513586534275489
17 3265720058519994244
39 795758813504391025
2 1009713269036630404
72 146655166965077241
38 1507049290591570881
78 5038500825830404
95 1145922945093189025
10 2582276192538997824
46 3658972841657118976
36 3269827008099157401
43 208739699904160000
69 78450639454510569
61 347714905004379364
95 791544753358384081
96 2323569659767788961
14 265435708762929961
7 465002561459587369
43 1960799106233753956
83 2140895282225101609
68 693279081538327684
96 100377898767532369
72 3297347183691449604
91 4209574786245428224
39 101221368314751364
17 770567585471283681
41 1471637521930062400
36 1100562566616078049
73 4259832220755337801
96 184019825169102400
55 1826133914427610176
90 1955961013738811121
6 2974197309440860129
24 1046793988094063049
14 190511971622586441
39 3749370364143519025
21 93017585597744025
67 776408642420086225
27 3617282169738006025
64 121325943938550121
45 615533751830087281
51 84184213871425600
24 956024293537442704
86 943437711738899524
73 4003022730840691600
48 213668023414972996
97 3809893645992952996
24 3417626693714421241
45 1180551719659016961
36 3082482195042407056
26 985380893718696225
43 1846326602227104144
80 3136526550509367409
45 2273995525251471616
19 4200820795474617609
93 386015946564897856
92 1220450542722321156
70 790533303899882404
54 3543469471221660304
26 2455868889966106521
63 2361847100515964944
9 2302118503587530884
62 1681051332391876
36 1271034974224693161
96 19600777567711729
68 1102494624006553600
75 2145314839274606224
57 3874820212883515204
73 3653069834478914721
95 89352559593430225
56 4514094237251244100
8 917434508234496256
94 1221517371326472900
81 891709017013543936
56 3000750715807995049
64 206328075247651009
77 108809670679145881
50 1751923133275838224
45 3563180994321
9 2439656557352240004
52 804707403908522500
4 2135969774654215824
32 3226327309089940225
20 3167107054491674176
10 30810844441892761
30 1827891085718810176
55 210303193127004121
38 697210881891470116
18 4140563757217800676
1 334239219116942049
65 372051931112517604
49 2833625829074667025
51 367145288614372801
77 590558673796569
55 4458359606249908804
5 3098826426010017924
49 731037082909928356
79 144284275195290000
10 114734713693516900
54 304997164817754256
48 47639439105393664
74 1857892552552174329
6 2913013234216301329
54 2614453650946200625
31 1850362676845654689
1 1650352458947598025
71 468636476474121796
17 63601762692822201
56 1276540988078405956
58 1594402645567516929
79 2279068083121443289
58 120562917284210944
79 3412593454603978225
20 1429927447018964644
34 460525907886430464
21 1288335694387830169
34 1595108876714535204
32 856066446574710921
90 632112252671155876
78 920903757147663025
59 693657780131162401
55 28247175651619521
16 297345489725426704
81 2108907293976168361
56 2448206438029655209
8 4116196773067055121
1 4076300135453195329
36 977675719812920164
14 2017110389157513225
94 1691563900235052321
55 104308599671359561
58 545149774301167396
30 1260502479768072256
64 1030801849846609
18 1906571756248782736
20 3885089223820969024
48 4339910854977372900
96 3284878232882276416
74 957891084534562816
49 2249072387476996
59 2304820291279171600
7 879232400876992761
25 2605916490624827689
74 2231915298383836816
98 2620862856676542241
51 83452463693824
81 29453494421001616
1 3762919172272879441
34 2571152147964225081
4 185468363230329
51 1239712859030884225
81 1364877878012814400
33 214816097328630625
50 1812185900221258849
50 2320299007405683984
11 362302726596174400
84 637873722577140841
41 443666195211260176
51 49685734926432784
30 2776190179129321761
47 14092135326090000
31 118463742391526884
77 406852781962515625
45 1052833925790687681
97 1246944679688899984
65 104194391852816721
99 3205241233762837504
41 1539496554386366016
52 505795201616611204
6 4491496412554036561
19 12668438525625
50 3974093797291396
21 1105692262039988676
13 2518257272062382656
89 1326238109159277924
9 69211902476565601
25 163474012254086416
58 1739298093452038144
91 73137072608736889
11 4197419971527232836
54 3239314473865108356
61 309390414539360049
4 830384495861448609
8 3718171749160724164
11 2668038685201066401
100 941565786056824384
72 2042491983001052944
15 202528464400203876
42 1379731012066552324
49 142809802942796649
16 860285883880200625
46 2179200020726967876
21 3224681831549767744
40 4369124389951953025
6 29775894091024900
54 2730274369210556100
67 288588521179783449
5 2727980296438539321
99 2588898998305281649
21 2142904008500657689
81 6099433182881424
53 226601647605763600
99 1964187960331989604
12 636351801037924689
92 251852089588163584
29 126968697178595584
62 117701859492086116
21 2021004109620898081
59 4154664664176698116
28 1778716615471993201
12 1484989692798096
95 2403143398470361156
28 13295895198077584
96 1243045562835099024
43 19698548324201289
7 4403612082113562256
25 499343766961330404
98 2547754397550870244
4 135449264378205625
9 4072505367751333969
82 299774882809544256
11 70736432796989089
6 118181920299648676
82 51023003646363841
92 626442442464568900
66 493809534921725584
37 1534171401358659441
26 2651427276206548225
68 2258377633821002500
77 4033735017847106209
77 604613031900156889
68 955038125905191441
85 266609052702528064
11 819628309851561081
12 387218391003875025
19 215932817442546961
35 1282934138720914276
68 3439758856392516100
19 2335007139171190225
26 675853209428320561
29 974826512128980900
35 2917286982893265984
41 48076958400025
41 2037494731826109609
36 160963914611111056
49 82855818266021956
12 4127460536222254009
65 1693584378745027129
38 556863206730120976
46 1197892404677909521
16 3210289917591045249
11 500492220467743504
38 1840638417421690000
48 7912051976480656
94 2713464123901776400
30 1243660256039377225
80 224252919256464004
26 36523142943884100
59 2301634992159753156
1 316029588414708100
71 660213480490307524
47 249521268403639521
44 1016548581186834921
37 4404135903109435684
20 5407616391031009
48 4616358463676521
60 1613982190985776144
36 500931629290135696
13 1327531852718919225
90 751140783181926225
35 4311531096184238224
20 3470666967965883456
46 101548004897364529
62 1886133692024662276
20 4005088145047943424
4 3066255597183144601
99 1513127902982169600
5 4120532594429526016
80 111388238806522756
92 544502472603275664
25 42979246349981956
22 2315000779947025
7 3386069035923757401
4 2098241574151673889
33 2249796430604708164
55 169976429383592484
18 551683357450717801
90 91308803554453156
48 226579449109126129
80 1583719855061025124
17 3199491639274401
63 2680165266868260900
40 27573502166238681
4 3950166815557064964
62 854470532734317009
67 3186612792338738884
58 1669282080296958009
56 1243820327382158761
95 120163141494549136
22 1521347870167651969
94 1302409172254919184
33 2051991630433728025
92 1388631742608035601
53 2057632047773750449
71 1506668617594204416
40 898159769257797225
100 1163435702488872289
36 4621541718814084
44 1256916227294299009
87 5668541937678400
51 52977497422264921
24 1404330869895408900
6 1722262375516803136
12 2748706790528794624
93 1092317237078793489
100 2240371239548928784
40 1093073116762879641
37 2327699132853131664
58 352948671785487556
29 361824118464439684
11 1297816931538323856
77 255553998941780100
92 1646269741171089225
12 3905472780045879025
27 3109808425316571664
91 244530767247273529
65 3731491512736885881
85 1957527859217510596
42 4039726663185208384
80 3401021209596066225
38 4183374281204876641
62 69713204357586724
66 2275710439748914809
33 53530842779532889
55 45992988659257600
48 547559120202974884
63 2647060702234538121
20 504523463314018801
78 1515117129016487364
37 189074277295611841
100 4378121493697508769
60 1115600597565081849
91 2987837232228039409
49 117439873305850225
45 102729813301576561
51 668061189239410404
96 829592748148111684
32 1956206442974828004
46 16681004209221444
58 3716040826321727121
29 3745582742284849636
74 134529136755851044
70 4548031804175409
4 1257644320310446084
76 354356515182833361
1 1588296831246720100
63 3039904026812523025
64 4073771615809518736
90 1550635735138053001
36 3577656551663381056
65 165691733685725025
64 2383527657279682081
53 24487584331218649
17 3563663170261891225
21 37232813304879721
51 801138434525630161
42 2099287587200855104
97 3048532719718924944
2 2729725963872415225
29 3706666775409207184
49 1091372758261391376
54 657140244639664384
30 2180236208062542436
20 27216246463734784
21 1052113344984835225
80 261266789225602161
11 4391908532845462561
14 2139969160293135649
39 605670545642114689
45 2909408495251971241
94 24920908627507776
81 1079747515959218001
97 1151341764443378704
71 4013075019330823744
44 98566319186074756
53 29752890484828644
25 768347617912468801
81 4278157679421066841
58 180942549845483776
99 177718748136010225
46 1528342899403525569
10 1581876228017545321
50 625221069011589961
91 1660941144967803136
44 102092107628325136
86 4569361698474706225
76 748012782109891684
52 3097322725245185529
52 645924785034691600
84 1061552533208391225
38 1927482069042894400
99 2944361202010638201
38 589968832185849796
79 515406663937341225
43 96823604949287056
61 2050804630729572624
41 456720113047461264
67 1672678508061091441
63 3910373220751380496
70 1230419791234037881
24 321741113793953841
14 3204979888358960644
11 1857318803843495281
79 967559455283292001
95 112047190846002064
57 2045376366459568704
87 2913826576891138624
45 384252131822947600
77 474042694602532225
53 2385091388549543881
15 247995489253017025
20 642856025592414841
72 25151540139401641
64 1478334866973730704
25 823419303053607936
55 396026052963508081
82 589486977564985809
89 1602169044995930896
60 988853276697440400
80 4113576406156357449
62 11752400270446144
54 1637744449587210000
89 3443972279775120025
81 50437284483806089
84 3202901796540825625
37 2000297979183588100
68 1650133478767225
40 174782261515999225
52 1261779413139202500
67 2389335234828411024
11 3231436190351768100
28 2008166101075755076
82 1906855247807375616
37 1319368967884515625
36 482411137638965824
73 902467755388014841
99 353001235688743041
88 63386268808624804
90 3225984718560406609
91 511165101914604544
13 1324703083937311296
13 3987704591117183524
52 272827825557051361
0 0
